19 260 13 15 18
21 654 29 33 58
22 422 23 35 3
23 284 17 17 16
25 753 37 24 95
27 568 22 31 50
28 452 20 27 31
29 667 39 50 12
31 938 17 58 85
33 374 8 30 19
34 148 5 10 10
35 215 8 12 18
37 560 12 42 28
38 405 21 30 12
39 241 3 14 25
41 849 14 42 99
43 358 7 14 49
45 403 8 21 45
47 513 12 15 83
48 392 7 20 45
49 387 6 23 38
51 523 7 26 65
55 436 47 14 26
57 387 19 23 24
58 402 20 14 46
59 386 19 34 1
61 114 3 6 12
62 114 5 9 3
63 347 21 17 22
65 593 27 25 59
66 355 14 19 27
67 635 36 37 38
68 455 22 18 50
69 297 7 22 18
71 137 6 4 19
72 214 7 9 26
73 648 31 30 60
75 773 25 49 48
77 685 45 21 68
79 132 6 5 15
81 482 20 26 42
83 311 13 15 29
85 461 44 22 20
87 566 24 27 57
91 500 15 15 74
93 928 38 46 88
94 384 42 15 19
95 563 23 20 69
97 830 40 24 109
99 786 32 34 83
101 581 30 7 80
102 507 42 33 6
103 567 33 17 65
104 579 21 40 31
105 452 23 29 25
107 536 20 16 68
109 588 28 43 22
111 627 45 28 47
113 320 11 21 18
115 637 25 26 71
117 377 40 11 25
119 746 35 22 101
121 320 11 21 18
122 296 37 11 8
123 327 46 9 6
125 971 82 43 62
129 1307 81 66 94
131 808 32 39 80
133 884 43 43 76
134 598 26 20 76
135 680 27 27 67
137 851 41 45 69
139 592 39 47 3
141 736 39 42 50
143 763 43 55 21
145 395 41 10 28
147 1122 50 66 81
149 1285 87 44 108
151 1050 73 65 79
153 847 33 44 71
154 388 50 9 22
155 546 50 29 15
157 839 49 62 15
159 412 31 13 39
161 521 46 25 25
163 542 48 7 69
165 601 39 25 45
167 322 9 6 55
169 786 25 37 72
171 596 28 36 38
175 313 7 17 33
177 455 6 31 38
179 462 8 18 65
181 667 11 52 39
182 409 8 14 63
183 167 1 1 39
185 77 2 3 10
186 111 2 7 9
187 109 1 1 12
188 413 7 33 22
189 477 8 31 38
191 390 8 30 22
193 319 7 15 39
195 402 7 22 44
197 681 10 44 62
199 363 4 30 19
201 574 12 25 75
205 818 42 30 93
207 382 16 15 42
208 511 23 15 65
209 532 36 33 23
211 798 46 23 101
213 739 39 34 61
215 826 58 56 20
217 691 23 20 100
219 731 25 31 83
220 380 33 21 5
221 282 19 17 12
223 747 23 33 79
225 1076 58 59 77